20
500
450 451 452 453 455 457 458 459 460 461 462 464 466 467 473 
202 217 226 230 244 248 249 250 272 275 287 299 
1 19 20 31 41 46 48 56 61 78 96 205 206 217 218 222 230 264 272 277 279 287 289 296 
0 19 20 23 30 31 35 39 40 46 56 57 58 59 73 74 87 89 93 94 
0 6 7 11 12 18 20 22 23 24 26 27 30 31 34 35 39 40 41 44 45 51 54 56 57 61 62 70 73 74 87 89 94 99 100 101 102 104 105 106 107 110 111 112 115 116 119 120 122 127 129 130 132 133 139 141 144 145 146 147 149 151 155 157 161 162 167 168 171 173 179 185 188 189 190 198 199 200 205 206 208 218 222 226 228 230 231 232 239 248 251 258 259 260 261 264 265 268 270 272 275 277 279 280 281 283 284 285 287 289 294 295 296 299 302 303 304 310 314 318 319 321 326 327 328 331 332 336 345 346 355 358 359 363 367 373 375 376 377 378 379 382 385 387 389 390 391 393 394 395 396 397 398 404 405 407 408 409 416 423 431 435 438 439 444 447 450 451 453 455 458 459 463 466 467 473 481 484 488 490 491 492 493 495 
100 101 102 103 104 105 106 110 111 112 115 116 117 118 119 120 121 123 124 126 128 129 130 131 132 133 135 136 138 139 141 142 143 144 145 146 147 149 150 151 152 153 155 156 157 158 161 162 163 164 165 166 167 168 170 171 173 174 176 178 179 181 182 183 184 185 187 188 189 190 193 198 199 200 201 202 205 206 207 208 211 214 215 217 220 221 226 229 230 231 232 233 234 235 239 241 242 244 245 248 249 250 251 252 253 254 255 256 257 259 260 261 262 263 264 265 267 268 269 272 273 274 275 277 278 279 280 281 282 283 284 285 286 287 290 293 294 295 296 297 299 301 302 303 304 308 309 310 312 314 315 317 318 319 321 322 324 326 327 328 329 331 332 334 335 336 338 339 340 341 343 345 346 347 348 349 350 351 352 355 359 361 362 364 366 367 368 370 371 373 374 375 376 377 379 380 381 383 384 385 387 388 390 391 393 395 396 398 
23 35 40 46 48 54 57 73 90 
100 102 104 105 110 111 112 113 115 116 118 119 120 121 123 124 125 126 127 129 130 132 133 134 136 137 141 142 144 145 146 147 149 150 155 159 161 163 164 166 167 168 169 170 171 173 175 181 182 183 185 188 189 190 191 193 195 199 
0 2 6 7 8 11 15 16 18 19 20 22 23 24 26 30 31 34 35 37 38 39 40 41 45 46 47 48 51 53 54 56 57 59 61 66 70 72 73 74 78 79 81 83 87 89 90 93 94 95 97 99 100 102 104 105 106 108 110 111 112 115 116 118 119 120 121 123 126 128 129 130 132 133 136 139 141 142 143 144 145 146 147 149 150 151 152 153 155 156 157 159 161 164 166 167 168 169 170 171 173 175 176 179 181 182 183 185 188 189 190 191 198 199 200 202 205 206 207 208 214 215 217 218 225 226 230 231 232 233 235 239 244 246 248 249 250 251 255 257 258 259 261 263 264 265 267 268 269 270 272 275 277 278 279 280 282 283 285 287 290 292 293 294 295 296 298 299 300 302 303 304 309 310 312 314 316 318 319 321 322 323 324 326 327 328 329 330 331 335 336 337 340 341 343 344 345 346 347 350 352 355 359 362 364 365 366 367 371 373 374 375 376 377 378 380 381 383 385 390 391 393 395 396 398 400 405 406 407 410 414 415 416 417 421 423 426 427 429 430 431 435 438 439 442 443 444 445 448 449 450 451 452 453 455 457 458 459 460 462 467 468 470 472 477 480 481 482 484 485 486 489 491 492 493 495 
18 57 62 73 89 94 133 141 144 147 205 232 244 259 261 272 283 314 321 379 404 423 444 451 459 491 
18 19 30 31 41 46 57 62 68 73 74 89 93 97 
0 2 3 4 5 6 7 8 9 10 11 14 15 16 17 18 19 20 22 23 24 25 27 28 29 31 32 33 34 35 37 39 40 41 42 44 45 46 47 48 49 50 51 52 53 54 56 57 59 60 61 62 65 66 67 68 69 70 71 73 74 75 76 78 79 80 81 82 86 87 88 89 90 91 92 93 94 96 97 98 100 101 102 104 105 107 110 111 112 114 115 116 118 119 120 122 123 124 125 126 128 129 130 132 133 134 135 136 137 138 139 140 142 143 144 145 146 147 148 149 150 152 153 155 156 157 158 159 160 161 162 163 164 165 166 167 168 169 170 171 172 173 175 177 178 179 181 182 183 185 186 188 189 190 191 193 194 195 196 197 198 199 200 201 202 204 205 206 208 210 212 213 217 218 219 221 222 225 226 228 229 230 231 232 233 234 236 238 239 241 243 244 245 246 248 249 250 251 252 255 256 257 259 260 261 262 264 265 266 267 268 270 272 273 275 276 277 278 279 280 281 283 284 285 286 287 288 289 291 293 295 296 297 299 300 301 302 303 304 306 308 309 310 311 313 314 315 317 318 319 321 322 323 325 327 328 329 330 331 332 333 334 335 336 339 340 342 343 344 345 346 347 348 349 350 351 352 355 356 358 359 360 361 362 363 364 365 366 367 368 370 371 372 373 374 375 376 377 378 379 380 381 382 384 385 388 389 390 391 393 394 395 396 397 398 399 400 401 403 404 405 406 407 408 409 412 414 415 416 417 418 419 420 421 422 423 425 426 427 428 429 430 431 434 435 437 438 439 441 443 444 445 446 447 448 449 450 451 452 453 454 455 456 457 458 459 460 461 462 464 465 466 467 468 469 472 473 474 475 476 477 478 479 480 481 482 483 484 485 486 488 489 490 491 492 493 494 495 496 498 
1 23 31 40 45 53 54 71 73 74 101 104 118 119 120 121 127 130 133 134 142 147 150 157 161 164 167 168 171 185 191 198 205 206 218 226 230 250 259 261 267 268 272 277 280 283 289 296 
0 2 4 5 6 9 11 12 15 16 17 18 19 20 21 22 23 24 26 28 31 34 37 39 40 41 44 45 46 47 48 50 51 54 56 57 59 60 63 66 67 69 70 73 74 78 80 82 87 89 90 92 93 94 96 97 
101 104 119 121 122 127 130 133 134 142 147 150 157 161 164 167 168 185 
0 1 2 4 6 11 13 14 15 16 18 19 20 22 23 24 25 28 30 31 32 34 35 36 37 38 39 40 41 42 43 44 45 46 47 48 51 53 54 55 56 57 59 61 62 63 64 68 69 70 71 72 73 74 76 78 81 82 85 87 89 90 92 93 94 95 96 97 100 102 103 104 105 106 107 110 111 112 115 116 118 119 120 123 124 126 128 129 130 131 132 133 135 136 138 139 141 142 144 145 146 147 149 150 151 152 153 154 155 156 157 158 161 162 163 164 166 167 168 170 171 176 177 181 182 183 184 185 189 190 195 196 198 200 201 202 205 206 208 213 214 217 218 219 220 221 222 226 229 230 231 232 233 236 239 240 244 245 246 248 249 250 251 252 255 256 257 259 260 261 262 264 265 266 267 268 271 272 273 274 276 277 278 279 280 281 283 285 287 289 294 295 296 297 299 301 302 303 304 305 308 309 310 311 314 315 317 318 319 321 322 325 328 329 331 332 334 335 336 338 339 340 345 346 347 348 351 352 353 355 358 359 360 362 363 367 370 371 373 374 375 376 377 380 381 382 384 385 388 389 390 391 393 394 395 396 398 400 403 404 405 407 408 409 410 414 415 416 420 421 422 423 427 428 429 430 431 434 435 437 438 439 443 444 445 446 447 449 450 451 453 454 455 457 458 459 460 461 463 467 469 472 474 476 477 479 481 482 484 485 486 487 488 490 491 492 493 495 497 499 
0 2 3 4 5 6 7 8 9 11 12 14 15 16 17 18 19 20 21 22 23 24 26 27 28 31 32 34 37 39 40 41 42 44 45 46 48 49 50 51 54 56 57 59 60 63 65 66 67 69 70 71 73 74 77 78 79 80 81 82 87 88 89 91 92 93 94 96 97 98 
200 201 202 205 206 208 210 214 215 217 218 220 221 222 224 225 226 229 230 231 232 233 236 238 239 244 245 246 247 248 249 250 251 252 254 255 256 257 258 259 261 262 264 265 267 268 270 272 273 274 277 278 279 280 283 285 287 289 290 296 297 298 299 
0 1 4 6 7 11 18 20 21 22 23 24 25 27 28 30 31 32 34 35 37 39 40 41 44 45 46 48 49 51 52 53 54 56 57 58 59 61 62 66 67 71 73 74 80 81 85 87 89 93 94 95 96 97 99 100 101 102 104 105 106 107 110 111 112 113 115 116 117 118 119 120 121 122 126 127 128 130 132 133 134 136 139 141 142 144 145 146 147 149 150 151 153 155 157 158 159 161 162 163 167 168 169 171 173 179 181 182 185 188 189 190 191 197 198 200 204 205 206 208 212 214 218 221 222 225 226 228 229 230 231 232 233 235 236 237 239 244 248 249 250 251 253 254 256 258 259 260 261 264 267 268 270 271 272 274 275 276 277 278 279 280 281 283 284 285 287 289 290 294 295 296 297 
0 7 11 19 20 23 24 26 27 29 30 31 34 35 37 39 40 46 47 51 54 56 57 58 59 61 70 71 73 74 81 87 89 90 93 94 97 100 102 104 105 110 112 116 118 119 120 121 123 125 127 130 132 133 136 141 142 144 146 149 150 154 155 159 161 164 167 168 169 170 171 181 185 189 190 191 195 198 200 201 205 206 208 210 214 215 217 218 221 222 225 226 228 229 230 231 232 235 236 244 248 255 258 261 262 264 265 267 270 272 274 277 279 280 283 284 287 290 292 293 296 299 301 303 304 310 314 318 319 321 323 325 328 329 330 335 336 337 343 345 346 352 355 357 358 359 360 362 365 373 375 381 383 390 391 393 395 396 398 405 415 416 418 423 427 430 435 438 439 443 444 449 450 451 453 455 457 459 460 467 468 476 477 480 481 484 489 490 491 492 493 494 495 
